96
0
Sofia Scott
3
1516831229000 1516847877138
1517868029000 1517885302260
1518040829000 1518056318395

1
Dylan Johnson
13
1515448829000 1515462102009
1516053629000 1516065747263
1516226429000 1516233051457
1516460429000 1516483730673
1516658429000 1516671191461
1516831229000 1516842117359
1517263229000 1517272406150
1517608829000 1517620020954
1517670029000 1517691150626
1518213629000 1518224934221
1518472829000 1518485099741
1518818429000 1518833404371
1518879629000 1518905666681

2
Ian Webb
4
1517608829000 1517614128224
1517670029000 1517670846696
1518213629000 1518217006749
1518274829000 1518281831997

3
Josephine Mcdonald
5
1516658429000 1516662106552
1517608829000 1517617855502
1517670029000 1517679380841
1518645629000 1518648019252
1518818429000 1518827462775

4
Jeremiah Martinez
2
1516460429000 1516487044673
1517608829000 1517625356182

5
Quinn Burns
15
1515621629000 1515628580226
1515855629000 1515873906629
1516053629000 1516062190904
1516399229000 1516409250012
1516831229000 1516836238474
1517065229000 1517085853981
1517436029000 1517440968329
1517608829000 1517619136971
1517670029000 1517688729629
1517868029000 1517878412109
1518040829000 1518052100449
1518213629000 1518226179210
1518274829000 1518291521643
1518472829000 1518481121210
1518879629000 1518901524962

6
Asher Miller
16
1515448829000 1515461147821
1515794429000 1515808920548
1516053629000 1516064835640
1516226429000 1516241066088
1516399229000 1516413690861
1516460429000 1516491807349
1516658429000 1516670281952
1517004029000 1517019461574
1517065229000 1517093803067
1517436029000 1517445687990
1517608829000 1517624050274
1518040829000 1518051751890
1518213629000 1518230628038
1518274829000 1518304844974
1518818429000 1518834295713
1518879629000 1518912993870

7
Quinn Harrison
2
1517065229000 1517074573474
1518274829000 1518283068897

8
Brandon Brown
22
1515621629000 1515632039606
1515794429000 1515803819262
1516053629000 1516058206727
1516226429000 1516235008818
1516399229000 1516408300232
1516460429000 1516482905585
1516658429000 1516667949526
1516831229000 1516838875609
1517004029000 1517010757985
1517065229000 1517083576452
1517263229000 1517269171180
1517436029000 1517442257148
1517608829000 1517618052272
1517670029000 1517687104364
1517868029000 1517872615147
1518040829000 1518050146764
1518213629000 1518226032638
1518274829000 1518291560771
1518472829000 1518480490031
1518645629000 1518655808556
1518818429000 1518829193738
1518879629000 1518902070567

9
Wyatt Holmes
12
1515448829000 1515451920090
1515621629000 1515623537036
1515855629000 1515858201223
1516053629000 1516055668426
1516658429000 1516659850275
1517004029000 1517006880707
1517065229000 1517066283132
1517436029000 1517437654957
1517670029000 1517672964935
1517868029000 1517868085015
1518472829000 1518473582089
1518645629000 1518646827351

10
Nora Lopez
20
1515448829000 1515457707021
1515621629000 1515629373109
1515794429000 1515809403504
1515855629000 1515879923709
1516226429000 1516234726352
1516399229000 1516410247538
1516460429000 1516489912546
1516658429000 1516670571244
1516831229000 1516841635728
1517004029000 1517020179517
1517065229000 1517093417683
1517436029000 1517448089091
1517608829000 1517624281141
1517670029000 1517698313142
1517868029000 1517879018662
1518274829000 1518298350879
1518472829000 1518483925567
1518645629000 1518658158572
1518818429000 1518831951441
1518879629000 1518903702451

11
Evan Davis
1
1518472829000 1518485020038

12
Alex Daniels
7
1516053629000 1516067243929
1516831229000 1516843237306
1517004029000 1517021682474
1517436029000 1517452698775
1517868029000 1517881570542
1518040829000 1518052197287
1518274829000 1518304479116

13
Kennedy Simmons
15
1515448829000 1515465758396
1515621629000 1515633846669
1515794429000 1515809041426
1515855629000 1515892356776
1516399229000 1516414546745
1516658429000 1516671593451
1516831229000 1516842671066
1517004029000 1517017824561
1517263229000 1517273946842
1517670029000 1517706882669
1518213629000 1518229815388
1518274829000 1518307589039
1518472829000 1518484812361
1518818429000 1518837578017
1518879629000 1518910103289

14
Eliana Black
6
1516399229000 1516408925984
1516460429000 1516488454862
1516658429000 1516666689299
1516831229000 1516838110567
1518472829000 1518482965567
1518818429000 1518828568556

15
Natalie Parker
20
1515448829000 1515460033093
1515621629000 1515634794612
1515794429000 1515809821831
1515855629000 1515892041698
1516053629000 1516070952494
1516226429000 1516237313315
1516460429000 1516495126652
1516658429000 1516672642402
1516831229000 1516844321204
1517004029000 1517019268099
1517065229000 1517097765550
1517263229000 1517276846503
1517608829000 1517624583618
1517868029000 1517879899625
1518040829000 1518055913457
1518213629000 1518233463493
1518472829000 1518487942191
1518645629000 1518657733889
1518818429000 1518836591296
1518879629000 1518913275317

16
Clara Sanders
9
1515855629000 1515882005559
1516053629000 1516066297752
1517436029000 1517446622714
1517670029000 1517699570388
1517868029000 1517879254876
1518040829000 1518053493012
1518645629000 1518653025271
1518818429000 1518832522823
1518879629000 1518908635265

17
Austin Rose
15
1515794429000 1515808984881
1515855629000 1515888035269
1516226429000 1516243946551
1516399229000 1516415613352
1516460429000 1516498068150
1516658429000 1516674536519
1516831229000 1516842966202
1517004029000 1517020672467
1517263229000 1517278983010
1517608829000 1517627781981
1517670029000 1517703251298
1517868029000 1517882888862
1518040829000 1518058511230
1518213629000 1518228650221
1518472829000 1518488249279

18
Eden James
11
1516053629000 1516066350477
1516226429000 1516236170581
1517065229000 1517096952377
1517263229000 1517276101753
1517436029000 1517448284290
1517608829000 1517621429700
1517670029000 1517697363295
1518274829000 1518304359646
1518472829000 1518486494220
1518645629000 1518654524230
1518818429000 1518833361026

19
Emily West
15
1515448829000 1515457465881
1515621629000 1515632030684
1515794429000 1515805500806
1515855629000 1515879380204
1516053629000 1516066800136
1516226429000 1516238294096
1516460429000 1516487602196
1517065229000 1517092712888
1517436029000 1517443142375
1517670029000 1517694548962
1517868029000 1517880631923
1518040829000 1518054155307
1518213629000 1518225907898
1518472829000 1518484575519
1518879629000 1518903394684

20
Jayden Taylor
20
1515448829000 1515458351004
1515621629000 1515626964079
1515794429000 1515801484120
1515855629000 1515872641168
1516053629000 1516057339591
1516399229000 1516411071310
1516460429000 1516476190078
1516658429000 1516665162378
1516831229000 1516837200612
1517004029000 1517014841105
1517065229000 1517082766136
1517263229000 1517273385600
1517436029000 1517439742312
1517608829000 1517620436078
1517670029000 1517687452942
1517868029000 1517877672094
1518040829000 1518047046773
1518274829000 1518295509522
1518818429000 1518827393120
1518879629000 1518898109874

21
Addison Ramirez
3
1516226429000 1516230457165
1516658429000 1516658900785
1517263229000 1517265390307

22
Connor Jones
24
1515448829000 1515458608877
1515621629000 1515631823944
1515794429000 1515802838527
1515855629000 1515875040244
1516053629000 1516057929074
1516226429000 1516236204631
1516399229000 1516410547372
1516460429000 1516477119462
1516658429000 1516668104360
1516831229000 1516838665595
1517004029000 1517014427539
1517065229000 1517083938574
1517263229000 1517273887813
1517436029000 1517442387284
1517608829000 1517617121879
1517670029000 1517688834719
1517868029000 1517873910377
1518040829000 1518046698403
1518213629000 1518222132334
1518274829000 1518292889312
1518472829000 1518478915412
1518645629000 1518649742195
1518818429000 1518824352367
1518879629000 1518895587468

23
Sawyer Parker
0

24
Roman Parker
17
1515448829000 1515455117836
1515621629000 1515625944278
1515794429000 1515804845867
1516053629000 1516062563195
1516226429000 1516235011456
1516399229000 1516405928144
1516658429000 1516667837800
1516831229000 1516839984355
1517436029000 1517440090070
1517608829000 1517619713073
1517868029000 1517871147093
1518040829000 1518047105919
1518213629000 1518221280332
1518274829000 1518293213233
1518472829000 1518478098118
1518818429000 1518830054377
1518879629000 1518896890330

25
Vincent Mitchell
21
1515448829000 1515460210633
1515621629000 1515635325765
1515794429000 1515808858209
1515855629000 1515889589405
1516053629000 1516067614777
1516226429000 1516238128422
1516399229000 1516419115640
1516658429000 1516669763768
1516831229000 1516848279737
1517004029000 1517021504791
1517065229000 1517100577162
1517263229000 1517274903083
1517436029000 1517452112403
1517608829000 1517628565441
1517670029000 1517706628376
1517868029000 1517882199357
1518040829000 1518052801221
1518213629000 1518231444179
1518274829000 1518310713900
1518472829000 1518483236793
1518879629000 1518911107341

26
Ella Henry
15
1515448829000 1515462958598
1515794429000 1515808777405
1516053629000 1516063593671
1516399229000 1516416211284
1516460429000 1516488616249
1516658429000 1516668912039
1517004029000 1517015368872
1517065229000 1517095294678
1517436029000 1517448965533
1517608829000 1517622240323
1517868029000 1517876179325
1518040829000 1518054947289
1518213629000 1518227039677
1518274829000 1518306101444
1518879629000 1518907059226

27
Levi Stone
17
1515448829000 1515460903804
1515621629000 1515632879892
1515794429000 1515808860199
1515855629000 1515883123701
1516053629000 1516065226308
1516226429000 1516233842729
1516399229000 1516410184018
1516460429000 1516484755335
1517004029000 1517014199074
1517065229000 1517094349195
1517263229000 1517274117132
1517670029000 1517693068228
1518213629000 1518228790751
1518472829000 1518482629272
1518645629000 1518653209909
1518818429000 1518829869817
1518879629000 1518907713089

28
Amelia Gibson
5
1515794429000 1515811470865
1516226429000 1516236768346
1517065229000 1517094604304
1517608829000 1517624707348
1518879629000 1518905215347

29
Eleanor Rogers
9
1515448829000 1515449987783
1516399229000 1516402043689
1516658429000 1516658836217
1516831229000 1516832921105
1517263229000 1517266978872
1517436029000 1517440161640
1518040829000 1518042332776
1518818429000 1518820860830
1518879629000 1518884296558

30
Grayson Black
13
1515794429000 1515803746615
1516226429000 1516233836278
1516399229000 1516402822026
1517065229000 1517075920307
1517263229000 1517269358562
1517436029000 1517444606214
1517868029000 1517872383801
1518040829000 1518043040896
1518213629000 1518220466405
1518274829000 1518290559151
1518645629000 1518653181568
1518818429000 1518825025023
1518879629000 1518895897686

31
William Hicks
1
1517004029000 1517006048380

32
Lucas Hughes
0

33
Peyton Howard
3
1516460429000 1516469810300
1517065229000 1517072120653
1517608829000 1517611370112

34
Jonah Howard
11
1515448829000 1515458431877
1515855629000 1515880726249
1516399229000 1516408343066
1516658429000 1516665718825
1517065229000 1517090631362
1517436029000 1517443297122
1517868029000 1517877623359
1518040829000 1518049386073
1518213629000 1518227221973
1518472829000 1518482918311
1518818429000 1518833138194

35
Isabella Baker
10
1515794429000 1515803083302
1516226429000 1516228764911
1516399229000 1516408672431
1517436029000 1517439493645
1517608829000 1517614742278
1517670029000 1517684090908
1518213629000 1518223190928
1518645629000 1518653565645
1518818429000 1518822362681
1518879629000 1518893772588

36
Mia Richardson
18
1515448829000 1515461715090
1515855629000 1515888630445
1516053629000 1516067293774
1516226429000 1516241579590
1516399229000 1516413721886
1516460429000 1516493315524
1516658429000 1516673082472
1517065229000 1517097107823
1517263229000 1517276953803
1517436029000 1517446024243
1517608829000 1517625447318
1517670029000 1517698682050
1518040829000 1518056428945
1518213629000 1518226013972
1518274829000 1518306790700
1518472829000 1518486652342
1518645629000 1518660863244
1518818429000 1518834333441

37
Julian Martinez
13
1515448829000 1515450500109
1515855629000 1515864066186
1516226429000 1516228669432
1516460429000 1516469904096
1516658429000 1516659212792
1517004029000 1517008556690
1517263229000 1517267522849
1517436029000 1517437330152
1517868029000 1517872649133
1518040829000 1518046634551
1518213629000 1518219080332
1518818429000 1518820442791
1518879629000 1518887352052

38
Jace Gray
17
1515621629000 1515625453333
1515794429000 1515805571129
1515855629000 1515869567827
1516053629000 1516060176950
1516399229000 1516406661828
1516460429000 1516478406854
1516658429000 1516666148854
1516831229000 1516839904376
1517004029000 1517011022144
1517065229000 1517077639986
1517263229000 1517269648626
1517608829000 1517616969076
1517670029000 1517684714357
1518213629000 1518223372457
1518472829000 1518476777662
1518818429000 1518826269977
1518879629000 1518897444979

39
Silas Stewart
18
1515448829000 1515460811080
1515621629000 1515632675962
1515794429000 1515808269896
1515855629000 1515880195114
1516226429000 1516236040950
1516460429000 1516483379487
1516658429000 1516669433856
1516831229000 1516840329484
1517004029000 1517017705211
1517065229000 1517086557793
1517263229000 1517271788390
1517868029000 1517877114948
1518040829000 1518048422653
1518274829000 1518297602368
1518472829000 1518481119374
1518645629000 1518654830643
1518818429000 1518828814713
1518879629000 1518901533575

40
Katherine Robinson
13
1515794429000 1515800308892
1515855629000 1515867007669
1516226429000 1516228876128
1516460429000 1516472575555
1516658429000 1516665368121
1517004029000 1517007681428
1517263229000 1517270016691
1517608829000 1517612328643
1517868029000 1517874342973
1518040829000 1518048327196
1518274829000 1518288949521
1518472829000 1518476021269
1518879629000 1518890848029

41
Kai Hunter
5
1515794429000 1515804684475
1515855629000 1515879424223
1516399229000 1516411624179
1516460429000 1516483576289
1517436029000 1517444408046

42
Ashton Stephens
9
1515448829000 1515463830422
1515855629000 1515889385155
1516053629000 1516067850808
1516399229000 1516412040274
1516460429000 1516494243761
1517065229000 1517095422042
1517608829000 1517625727260
1517670029000 1517701167599
1518472829000 1518483118464

43
Bryson Hicks
6
1516460429000 1516495828941
1516831229000 1516846963874
1517868029000 1517879087556
1518040829000 1518058092341
1518213629000 1518232406700
1518274829000 1518311107902

44
Brooklyn Wright
9
1515621629000 1515636564019
1516399229000 1516415923570
1516831229000 1516842765258
1517065229000 1517096765745
1517263229000 1517277542261
1517608829000 1517627619091
1518274829000 1518304963956
1518472829000 1518488710421
1518879629000 1518914644176

45
Robert Cooper
14
1515621629000 1515629430999
1515794429000 1515802182782
1516226429000 1516231662756
1516658429000 1516660815181
1516831229000 1516833347738
1517004029000 1517013394577
1517263229000 1517271069127
1517670029000 1517684715583
1517868029000 1517869927551
1518213629000 1518223196979
1518274829000 1518286047765
1518472829000 1518477196186
1518818429000 1518822530822
1518879629000 1518893199988

46
Chase Crawford
1
1517670029000 1517682631284

47
Serenity Ward
9
1515448829000 1515450192015
1515794429000 1515797554675
1516226429000 1516229236153
1516399229000 1516404860980
1517004029000 1517009009410
1517608829000 1517611471444
1517670029000 1517677947409
1518274829000 1518276586329
1518472829000 1518473252786

48
Ruby Porter
11
1516226429000 1516227592572
1516399229000 1516402460020
1516460429000 1516470312894
1516658429000 1516664753606
1516831229000 1516836174838
1517004029000 1517006452682
1517868029000 1517871540640
1518040829000 1518041865574
1518213629000 1518218395162
1518645629000 1518650801221
1518818429000 1518821769712

49
Daniel Reyes
13
1516226429000 1516231311957
1516399229000 1516404556171
1516460429000 1516477109763
1517004029000 1517014277093
1517263229000 1517272036579
1517436029000 1517439331687
1517608829000 1517617652710
1517670029000 1517682966929
1518040829000 1518044386963
1518274829000 1518293366145
1518645629000 1518654411986
1518818429000 1518824530216
1518879629000 1518896957426

50
Ruby Wallace
6
1516053629000 1516061494915
1516399229000 1516406161712
1516460429000 1516475974584
1517436029000 1517441902927
1518818429000 1518823618166
1518879629000 1518891566231

51
Teagan Ross
1
1516658429000 1516669720806

52
Brianna Kelly
23
1515448829000 1515453161189
1515621629000 1515627268611
1515794429000 1515802821049
1515855629000 1515877836825
1516053629000 1516064578642
1516226429000 1516231377197
1516399229000 1516407222424
1516460429000 1516483603386
1516658429000 1516667216486
1516831229000 1516838434392
1517004029000 1517017242113
1517065229000 1517083827474
1517263229000 1517268890643
1517436029000 1517440283983
1517608829000 1517619365721
1517670029000 1517687823134
1517868029000 1517879131399
1518040829000 1518050856245
1518213629000 1518222903880
1518274829000 1518293411033
1518645629000 1518654981775
1518818429000 1518831289095
1518879629000 1518897030500

53
Ruby Wells
21
1515621629000 1515634676530
1515794429000 1515810836717
1516053629000 1516064296817
1516226429000 1516236580721
1516399229000 1516411722910
1516460429000 1516486215865
1516658429000 1516672961196
1516831229000 1516841647892
1517004029000 1517020441906
1517065229000 1517092467255
1517263229000 1517271258461
1517608829000 1517621265653
1517670029000 1517698795234
1517868029000 1517877013127
1518040829000 1518052691304
1518213629000 1518228602121
1518274829000 1518305756371
1518472829000 1518483217726
1518645629000 1518656242900
1518818429000 1518834630631
1518879629000 1518909284878

54
Ariana Payne
16
1515794429000 1515803991807
1515855629000 1515875207304
1516053629000 1516062632241
1516226429000 1516235611002
1516399229000 1516409444472
1516460429000 1516477500556
1516658429000 1516665378292
1516831229000 1516836939049
1517004029000 1517012483576
1517065229000 1517082040518
1517263229000 1517270760601
1517436029000 1517447132488
1517608829000 1517619896120
1518040829000 1518050177577
1518472829000 1518480782844
1518818429000 1518825477988

55
Eleanor Collins
14
1515621629000 1515633816217
1516053629000 1516067175901
1516226429000 1516233855172
1516658429000 1516668100503
1516831229000 1516841303247
1517065229000 1517094988095
1517263229000 1517276172287
1517436029000 1517448720783
1517670029000 1517696462604
1517868029000 1517878682434
1518040829000 1518052111731
1518274829000 1518303319857
1518472829000 1518481225381
1518818429000 1518833794362

56
Aaliyah Flores
7
1515855629000 1515886472205
1516053629000 1516068957278
1516226429000 1516239819499
1516399229000 1516412545319
1517436029000 1517449278605
1517868029000 1517877365567
1518040829000 1518053345689

57
Kayden Wells
19
1515448829000 1515451790807
1515621629000 1515624991426
1515794429000 1515796685986
1516053629000 1516055855135
1516226429000 1516228698294
1516399229000 1516402875443
1516658429000 1516665672194
1516831229000 1516838596345
1517065229000 1517078519160
1517608829000 1517612282890
1517670029000 1517678204247
1517868029000 1517871655968
1518040829000 1518045112780
1518213629000 1518216733392
1518274829000 1518286559602
1518472829000 1518477187657
1518645629000 1518652169217
1518818429000 1518826039380
1518879629000 1518892713551

58
Easton Ward
19
1515448829000 1515453458116
1515621629000 1515626783374
1515794429000 1515799704278
1516053629000 1516055856259
1516226429000 1516229143318
1516399229000 1516401956422
1516460429000 1516470863673
1516658429000 1516665488907
1516831229000 1516835012337
1517065229000 1517077357213
1517608829000 1517616495025
1517868029000 1517868688421
1518040829000 1518043669377
1518213629000 1518219682488
1518274829000 1518282500086
1518472829000 1518478816452
1518645629000 1518652472271
1518818429000 1518826129693
1518879629000 1518889971204

59
Brody Tucker
1
1516658429000 1516667665561

60
Naomi Grant
5
1516399229000 1516403832595
1517670029000 1517676352221
1518040829000 1518041821370
1518274829000 1518277848767
1518818429000 1518818645105

61
Maxwell Foster
17
1515448829000 1515459416019
1515621629000 1515629258535
1515855629000 1515871405827
1516053629000 1516062069138
1516226429000 1516236539672
1516460429000 1516479803967
1516658429000 1516664996492
1516831229000 1516841549643
1517065229000 1517087194456
1517263229000 1517272531414
1517436029000 1517441426013
1517608829000 1517618171737
1517670029000 1517687244395
1517868029000 1517879077733
1518213629000 1518219808862
1518274829000 1518296336852
1518879629000 1518900177577

62
Sarah Price
18
1515621629000 1515637253571
1515794429000 1515811897714
1516053629000 1516069418252
1516226429000 1516238825470
1516399229000 1516411654391
1516460429000 1516489467506
1516831229000 1516842297627
1517065229000 1517094127744
1517263229000 1517278151948
1517436029000 1517451377376
1517608829000 1517625995015
1517670029000 1517702571026
1517868029000 1517878864222
1518040829000 1518051750064
1518213629000 1518229621044
1518274829000 1518308525212
1518472829000 1518482719072
1518645629000 1518658659288

63
Reagan Spencer
24
1515448829000 1515455897398
1515621629000 1515627268393
1515794429000 1515801710121
1515855629000 1515877275442
1516053629000 1516064277460
1516226429000 1516233845767
1516399229000 1516408255914
1516460429000 1516479403171
1516658429000 1516663827966
1516831229000 1516841852216
1517004029000 1517011364114
1517065229000 1517085905157
1517263229000 1517273032972
1517436029000 1517441352224
1517608829000 1517621367980
1517670029000 1517689499435
1517868029000 1517874000540
1518040829000 1518046491851
1518213629000 1518221592100
1518274829000 1518297395803
1518472829000 1518477856261
1518645629000 1518654235245
1518818429000 1518826004344
1518879629000 1518901361643

64
Jaxson Roberts
11
1515621629000 1515628094756
1515855629000 1515861992044
1516053629000 1516061046665
1516226429000 1516232260112
1516658429000 1516660108422
1517670029000 1517678534016
1518213629000 1518221693934
1518274829000 1518282171186
1518472829000 1518476245569
1518645629000 1518647962117
1518818429000 1518825278875

65
Gabriella Long
23
1515448829000 1515462570566
1515621629000 1515634021138
1515794429000 1515808676849
1515855629000 1515882796451
1516053629000 1516062473228
1516226429000 1516237525031
1516399229000 1516412796736
1516460429000 1516486286206
1516658429000 1516671633251
1516831229000 1516839622725
1517004029000 1517015174163
1517065229000 1517093147866
1517263229000 1517275499054
1517436029000 1517443655028
1517608829000 1517624307781
1517670029000 1517698835745
1517868029000 1517877801824
1518040829000 1518051301017
1518213629000 1518226376798
1518274829000 1518300986848
1518472829000 1518480506492
1518645629000 1518657994703
1518818429000 1518833083999

66
Aubrey Turner
19
1515448829000 1515449324406
1515621629000 1515625467184
1515855629000 1515863152070
1516399229000 1516400231602
1516658429000 1516660703017
1516831229000 1516835527373
1517004029000 1517004688617
1517065229000 1517073382562
1517263229000 1517268178768
1517436029000 1517439681961
1517608829000 1517611670661
1517670029000 1517675084402
1517868029000 1517871974369
1518040829000 1518041356176
1518213629000 1518216340088
1518472829000 1518473485370
1518645629000 1518648466760
1518818429000 1518819862042
1518879629000 1518887878072

67
Alexandra Wood
11
1515621629000 1515623413251
1515855629000 1515866365491
1516460429000 1516474070770
1516658429000 1516666989681
1517436029000 1517444661335
1517670029000 1517684661649
1517868029000 1517876607130
1518040829000 1518045122612
1518213629000 1518218185294
1518472829000 1518477177070
1518818429000 1518823543047

68
Matthew Cole
11
1515794429000 1515795202992
1515855629000 1515856858631
1516053629000 1516057149385
1516831229000 1516832504318
1517004029000 1517004473228
1517065229000 1517067378164
1517608829000 1517612816662
1518040829000 1518040903313
1518213629000 1518216620838
1518645629000 1518648819046
1518818429000 1518819336769

69
Lillian West
16
1515448829000 1515455958244
1515855629000 1515878671337
1516226429000 1516237735169
1516399229000 1516414807145
1516658429000 1516667339061
1516831229000 1516841956805
1517004029000 1517019633821
1517065229000 1517089609478
1517263229000 1517274880170
1517436029000 1517447462812
1517608829000 1517624579062
1517670029000 1517692541608
1518213629000 1518227723292
1518472829000 1518480023941
1518645629000 1518657388248
1518879629000 1518907281333

70
Joshua Hamilton
13
1515448829000 1515457777538
1515621629000 1515627503229
1515794429000 1515804523206
1515855629000 1515873878928
1516226429000 1516236529867
1516658429000 1516666817199
1517065229000 1517085816773
1517263229000 1517269652768
1517436029000 1517444476890
1517670029000 1517689797990
1518040829000 1518046744023
1518274829000 1518297500570
1518818429000 1518829304034

71
Elizabeth Brooks
6
1515855629000 1515860125799
1516053629000 1516058134535
1517608829000 1517615723818
1517670029000 1517675416283
1518213629000 1518214088021
1518274829000 1518285739429

72
Zachary Torres
6
1515621629000 1515630933847
1516053629000 1516066243737
1516460429000 1516486440833
1518213629000 1518225365463
1518472829000 1518484991992
1518818429000 1518827173620

73
Vincent Gardner
19
1515448829000 1515456191194
1515621629000 1515633577934
1515855629000 1515883177640
1516053629000 1516062545291
1516226429000 1516237653383
1516399229000 1516411517379
1516460429000 1516489101150
1516831229000 1516840846247
1517004029000 1517020997500
1517065229000 1517094272033
1517263229000 1517274309817
1517436029000 1517444836741
1517608829000 1517625407326
1517868029000 1517880951982
1518040829000 1518054494845
1518213629000 1518225099719
1518274829000 1518302598822
1518645629000 1518655821693
1518879629000 1518906203095

74
Adalyn Mitchell
23
1515448829000 1515462565296
1515621629000 1515635920053
1515794429000 1515807210126
1515855629000 1515890772874
1516053629000 1516066885137
1516226429000 1516238574879
1516399229000 1516415130390
1516460429000 1516495358255
1516658429000 1516674347031
1516831229000 1516842860955
1517004029000 1517021078148
1517065229000 1517099577080
1517263229000 1517274871302
1517436029000 1517450959193
1517608829000 1517622507824
1517868029000 1517879637891
1518040829000 1518050407839
1518213629000 1518231484932
1518274829000 1518303626885
1518472829000 1518488529345
1518645629000 1518656456765
1518818429000 1518836133081
1518879629000 1518913626721

75
Max Lopez
24
1515448829000 1515454990328
1515621629000 1515623602120
1515794429000 1515800567848
1515855629000 1515866055496
1516053629000 1516061945295
1516226429000 1516231472702
1516399229000 1516406935402
1516460429000 1516472588241
1516658429000 1516661687896
1516831229000 1516835670320
1517004029000 1517013004013
1517065229000 1517078412392
1517263229000 1517271865689
1517436029000 1517442352809
1517608829000 1517618637225
1517670029000 1517684766757
1517868029000 1517870468442
1518040829000 1518048429732
1518213629000 1518217602155
1518274829000 1518287461114
1518472829000 1518478348612
1518645629000 1518651894143
1518818429000 1518826928318
1518879629000 1518890724307

76
Eleanor Robertson
15
1515448829000 1515454430932
1515621629000 1515621815423
1515794429000 1515795922208
1516053629000 1516059010990
1516399229000 1516402448781
1516460429000 1516465663491
1516658429000 1516659469208
1516831229000 1516832476847
1517065229000 1517076258121
1517608829000 1517614744758
1517868029000 1517868701583
1518040829000 1518041639451
1518213629000 1518216758605
1518472829000 1518474150287
1518879629000 1518886404119

77
Katherine Hayes
20
1515448829000 1515456529364
1515794429000 1515808111395
1515855629000 1515880941445
1516226429000 1516239816560
1516399229000 1516411582312
1516658429000 1516672127580
1516831229000 1516838409240
1517004029000 1517018235157
1517065229000 1517092764037
1517263229000 1517272874277
1517436029000 1517447065489
1517608829000 1517623209336
1517670029000 1517699684614
1517868029000 1517875003268
1518040829000 1518053011447
1518213629000 1518229239932
1518274829000 1518298549132
1518472829000 1518480702225
1518645629000 1518656258794
1518879629000 1518908661538

78
Evan Gibson
11
1515448829000 1515460470637
1515621629000 1515631988076
1515855629000 1515885880492
1516658429000 1516674070530
1516831229000 1516844214689
1517004029000 1517016445724
1517065229000 1517098675517
1517436029000 1517448049312
1517868029000 1517882081616
1518213629000 1518226217458
1518472829000 1518486849940

79
Easton Allen
17
1515794429000 1515810690798
1515855629000 1515888355744
1516053629000 1516067996440
1516226429000 1516240312435
1516399229000 1516412982904
1516460429000 1516491747447
1516658429000 1516668585069
1516831229000 1516842466193
1517004029000 1517020217352
1517065229000 1517100745673
1517608829000 1517625566166
1518040829000 1518052331591
1518213629000 1518232951615
1518274829000 1518310072019
1518472829000 1518488296227
1518818429000 1518831936740
1518879629000 1518910217493

80
Ayden Walker
23
1515448829000 1515451358199
1515794429000 1515801216087
1515855629000 1515863633653
1516053629000 1516058522793
1516226429000 1516227485299
1516399229000 1516400002582
1516460429000 1516468955440
1516658429000 1516661311035
1516831229000 1516836621623
1517004029000 1517011127363
1517065229000 1517072562454
1517263229000 1517265377047
1517436029000 1517437539241
1517608829000 1517614261487
1517670029000 1517679492309
1517868029000 1517871753784
1518040829000 1518043674258
1518213629000 1518215751568
1518274829000 1518284654953
1518472829000 1518477352148
1518645629000 1518647481732
1518818429000 1518821702363
1518879629000 1518886595519

81
Liam Stephens
16
1515448829000 1515456185458
1515621629000 1515624909504
1515794429000 1515798087737
1515855629000 1515866760960
1516053629000 1516054039110
1516399229000 1516400884623
1516658429000 1516660860726
1516831229000 1516837665293
1517436029000 1517441978606
1517670029000 1517682614347
1517868029000 1517873669896
1518213629000 1518215434294
1518274829000 1518281032975
1518472829000 1518479891758
1518818429000 1518822246972
1518879629000 1518886288003

82
Claire Freeman
13
1516053629000 1516069974837
1516460429000 1516495621977
1516658429000 1516673778114
1516831229000 1516847987596
1517065229000 1517101929196
1517263229000 1517279438530
1517670029000 1517701850611
1517868029000 1517884502479
1518213629000 1518233473940
1518274829000 1518311397328
1518472829000 1518489706298
1518645629000 1518661906335
1518879629000 1518917565097

83
Jackson Hill
7
1517065229000 1517073176825
1517436029000 1517436090635
1517608829000 1517610848588
1518040829000 1518042598193
1518274829000 1518286162419
1518472829000 1518477353309
1518645629000 1518650478740

84
Sophia Garcia
24
1515448829000 1515457639162
1515621629000 1515628239294
1515794429000 1515801988347
1515855629000 1515871586990
1516053629000 1516061836599
1516226429000 1516233540290
1516399229000 1516407347302
1516460429000 1516477938529
1516658429000 1516666958281
1516831229000 1516841443708
1517004029000 1517011824283
1517065229000 1517082400113
1517263229000 1517267642824
1517436029000 1517445259864
1517608829000 1517617110383
1517670029000 1517689672229
1517868029000 1517878879229
1518040829000 1518050691789
1518213629000 1518225780539
1518274829000 1518294148474
1518472829000 1518483859386
1518645629000 1518651935078
1518818429000 1518829108549
1518879629000 1518898217483

85
Jackson Sanders
3
1516053629000 1516055602081
1516399229000 1516400942562
1518645629000 1518650362830

86
Easton Crawford
9
1515621629000 1515627669249
1515794429000 1515798324510
1516226429000 1516229509374
1516658429000 1516664190316
1516831229000 1516838675540
1517263229000 1517266816448
1518274829000 1518284673198
1518818429000 1518821824386
1518879629000 1518890597667

87
Valentina Perry
4
1515794429000 1515811432635
1516831229000 1516845012998
1518472829000 1518481176232
1518645629000 1518656066455

88
Gianna Anderson
1
1517608829000 1517610022734

89
Jason Kelly
12
1515855629000 1515862044059
1516053629000 1516060011600
1516226429000 1516228596501
1516399229000 1516400969522
1516658429000 1516663267212
1517065229000 1517072309899
1517436029000 1517439800151
1517608829000 1517612200285
1517868029000 1517871852565
1518040829000 1518042146514
1518274829000 1518286849340
1518879629000 1518886657731

90
Everly Wilson
4
1516053629000 1516060315618
1517004029000 1517005324482
1517868029000 1517868053902
1518274829000 1518281725255

91
London Daniels
17
1515621629000 1515635844806
1515794429000 1515810127256
1515855629000 1515884619016
1516053629000 1516066251516
1516226429000 1516240117036
1516460429000 1516488184490
1516658429000 1516671053139
1516831229000 1516841470519
1517004029000 1517018426876
1517436029000 1517449775648
1517608829000 1517625354439
1517670029000 1517696823117
1517868029000 1517877281380
1518040829000 1518050853145
1518213629000 1518230345501
1518274829000 1518303995938
1518645629000 1518658229301

92
Ethan Sanders
20
1515448829000 1515451346443
1515621629000 1515623481963
1515855629000 1515868348642
1516053629000 1516059256887
1516226429000 1516231965269
1516399229000 1516402320573
1516460429000 1516467718109
1516658429000 1516661896861
1516831229000 1516838153820
1517065229000 1517078486831
1517263229000 1517270372891
1517436029000 1517443155057
1517608829000 1517611426715
1517670029000 1517681004141
1517868029000 1517869391921
1518040829000 1518043145718
1518213629000 1518215750267
1518274829000 1518285056829
1518472829000 1518474289719
1518645629000 1518646279582

93
Josephine Nichols
9
1515794429000 1515810958954
1516053629000 1516064806302
1517263229000 1517277162072
1517436029000 1517449603173
1517670029000 1517698740902
1517868029000 1517881625413
1518645629000 1518658189184
1518818429000 1518834616470
1518879629000 1518911040082

94
Damian Fisher
24
1515448829000 1515452721048
1515621629000 1515626820124
1515794429000 1515800685177
1515855629000 1515871520548
1516053629000 1516057252691
1516226429000 1516233172389
1516399229000 1516407423652
1516460429000 1516477829685
1516658429000 1516665559293
1516831229000 1516841253269
1517004029000 1517010872964
1517065229000 1517080585324
1517263229000 1517268265207
1517436029000 1517444066500
1517608829000 1517618240438
1517670029000 1517685349014
1517868029000 1517873489437
1518040829000 1518045381131
1518213629000 1518224688374
1518274829000 1518294209961
1518472829000 1518477430279
1518645629000 1518651207158
1518818429000 1518825233642
1518879629000 1518897079019

95
Bryson Ward
3
1515794429000 1515797857302
1516226429000 1516229160919
1517608829000 1517613815076

96
0
Sofia Scott
3
1516831229000 1516847877138
1517868029000 1517885302260
1518040829000 1518056318395

1
Dylan Johnson
13
1515448829000 1515462102009
1516053629000 1516065747263
1516226429000 1516233051457
1516460429000 1516483730673
1516658429000 1516671191461
1516831229000 1516842117359
1517263229000 1517272406150
1517608829000 1517620020954
1517670029000 1517691150626
1518213629000 1518224934221
1518472829000 1518485099741
1518818429000 1518833404371
1518879629000 1518905666681

2
Ian Webb
4
1517608829000 1517614128224
1517670029000 1517670846696
1518213629000 1518217006749
1518274829000 1518281831997

3
Josephine Mcdonald
5
1516658429000 1516662106552
1517608829000 1517617855502
1517670029000 1517679380841
1518645629000 1518648019252
1518818429000 1518827462775

4
Jeremiah Martinez
2
1516460429000 1516487044673
1517608829000 1517625356182

5
Quinn Burns
15
1515621629000 1515628580226
1515855629000 1515873906629
1516053629000 1516062190904
1516399229000 1516409250012
1516831229000 1516836238474
1517065229000 1517085853981
1517436029000 1517440968329
1517608829000 1517619136971
1517670029000 1517688729629
1517868029000 1517878412109
1518040829000 1518052100449
1518213629000 1518226179210
1518274829000 1518291521643
1518472829000 1518481121210
1518879629000 1518901524962

6
Asher Miller
16
1515448829000 1515461147821
1515794429000 1515808920548
1516053629000 1516064835640
1516226429000 1516241066088
1516399229000 1516413690861
1516460429000 1516491807349
1516658429000 1516670281952
1517004029000 1517019461574
1517065229000 1517093803067
1517436029000 1517445687990
1517608829000 1517624050274
1518040829000 1518051751890
1518213629000 1518230628038
1518274829000 1518304844974
1518818429000 1518834295713
1518879629000 1518912993870

7
Quinn Harrison
2
1517065229000 1517074573474
1518274829000 1518283068897

8
Brandon Brown
22
1515621629000 1515632039606
1515794429000 1515803819262
1516053629000 1516058206727
1516226429000 1516235008818
1516399229000 1516408300232
1516460429000 1516482905585
1516658429000 1516667949526
1516831229000 1516838875609
1517004029000 1517010757985
1517065229000 1517083576452
1517263229000 1517269171180
1517436029000 1517442257148
1517608829000 1517618052272
1517670029000 1517687104364
1517868029000 1517872615147
1518040829000 1518050146764
1518213629000 1518226032638
1518274829000 1518291560771
1518472829000 1518480490031
1518645629000 1518655808556
1518818429000 1518829193738
1518879629000 1518902070567

9
Wyatt Holmes
12
1515448829000 1515451920090
1515621629000 1515623537036
1515855629000 1515858201223
1516053629000 1516055668426
1516658429000 1516659850275
1517004029000 1517006880707
1517065229000 1517066283132
1517436029000 1517437654957
1517670029000 1517672964935
1517868029000 1517868085015
1518472829000 1518473582089
1518645629000 1518646827351

10
Nora Lopez
20
1515448829000 1515457707021
1515621629000 1515629373109
1515794429000 1515809403504
1515855629000 1515879923709
1516226429000 1516234726352
1516399229000 1516410247538
1516460429000 1516489912546
1516658429000 1516670571244
1516831229000 1516841635728
1517004029000 1517020179517
1517065229000 1517093417683
1517436029000 1517448089091
1517608829000 1517624281141
1517670029000 1517698313142
1517868029000 1517879018662
1518274829000 1518298350879
1518472829000 1518483925567
1518645629000 1518658158572
1518818429000 1518831951441
1518879629000 1518903702451

11
Evan Davis
1
1518472829000 1518485020038

12
Alex Daniels
7
1516053629000 1516067243929
1516831229000 1516843237306
1517004029000 1517021682474
1517436029000 1517452698775
1517868029000 1517881570542
1518040829000 1518052197287
1518274829000 1518304479116

13
Kennedy Simmons
15
1515448829000 1515465758396
1515621629000 1515633846669
1515794429000 1515809041426
1515855629000 1515892356776
1516399229000 1516414546745
1516658429000 1516671593451
1516831229000 1516842671066
1517004029000 1517017824561
1517263229000 1517273946842
1517670029000 1517706882669
1518213629000 1518229815388
1518274829000 1518307589039
1518472829000 1518484812361
1518818429000 1518837578017
1518879629000 1518910103289

14
Eliana Black
6
1516399229000 1516408925984
1516460429000 1516488454862
1516658429000 1516666689299
1516831229000 1516838110567
1518472829000 1518482965567
1518818429000 1518828568556

15
Natalie Parker
20
1515448829000 1515460033093
1515621629000 1515634794612
1515794429000 1515809821831
1515855629000 1515892041698
1516053629000 1516070952494
1516226429000 1516237313315
1516460429000 1516495126652
1516658429000 1516672642402
1516831229000 1516844321204
1517004029000 1517019268099
1517065229000 1517097765550
1517263229000 1517276846503
1517608829000 1517624583618
1517868029000 1517879899625
1518040829000 1518055913457
1518213629000 1518233463493
1518472829000 1518487942191
1518645629000 1518657733889
1518818429000 1518836591296
1518879629000 1518913275317

16
Clara Sanders
9
1515855629000 1515882005559
1516053629000 1516066297752
1517436029000 1517446622714
1517670029000 1517699570388
1517868029000 1517879254876
1518040829000 1518053493012
1518645629000 1518653025271
1518818429000 1518832522823
1518879629000 1518908635265

17
Austin Rose
15
1515794429000 1515808984881
1515855629000 1515888035269
1516226429000 1516243946551
1516399229000 1516415613352
1516460429000 1516498068150
1516658429000 1516674536519
1516831229000 1516842966202
1517004029000 1517020672467
1517263229000 1517278983010
1517608829000 1517627781981
1517670029000 1517703251298
1517868029000 1517882888862
1518040829000 1518058511230
1518213629000 1518228650221
1518472829000 1518488249279

18
Eden James
11
1516053629000 1516066350477
1516226429000 1516236170581
1517065229000 1517096952377
1517263229000 1517276101753
1517436029000 1517448284290
1517608829000 1517621429700
1517670029000 1517697363295
1518274829000 1518304359646
1518472829000 1518486494220
1518645629000 1518654524230
1518818429000 1518833361026

19
Emily West
15
1515448829000 1515457465881
1515621629000 1515632030684
1515794429000 1515805500806
1515855629000 1515879380204
1516053629000 1516066800136
1516226429000 1516238294096
1516460429000 1516487602196
1517065229000 1517092712888
1517436029000 1517443142375
1517670029000 1517694548962
1517868029000 1517880631923
1518040829000 1518054155307
1518213629000 1518225907898
1518472829000 1518484575519
1518879629000 1518903394684

20
Jayden Taylor
20
1515448829000 1515458351004
1515621629000 1515626964079
1515794429000 1515801484120
1515855629000 1515872641168
1516053629000 1516057339591
1516399229000 1516411071310
1516460429000 1516476190078
1516658429000 1516665162378
1516831229000 1516837200612
1517004029000 1517014841105
1517065229000 1517082766136
1517263229000 1517273385600
1517436029000 1517439742312
1517608829000 1517620436078
1517670029000 1517687452942
1517868029000 1517877672094
1518040829000 1518047046773
1518274829000 1518295509522
1518818429000 1518827393120
1518879629000 1518898109874

21
Addison Ramirez
3
1516226429000 1516230457165
1516658429000 1516658900785
1517263229000 1517265390307

22
Connor Jones
24
1515448829000 1515458608877
1515621629000 1515631823944
1515794429000 1515802838527
1515855629000 1515875040244
1516053629000 1516057929074
1516226429000 1516236204631
1516399229000 1516410547372
1516460429000 1516477119462
1516658429000 1516668104360
1516831229000 1516838665595
1517004029000 1517014427539
1517065229000 1517083938574
1517263229000 1517273887813
1517436029000 1517442387284
1517608829000 1517617121879
1517670029000 1517688834719
1517868029000 1517873910377
1518040829000 1518046698403
1518213629000 1518222132334
1518274829000 1518292889312
1518472829000 1518478915412
1518645629000 1518649742195
1518818429000 1518824352367
1518879629000 1518895587468

23
Sawyer Parker
0

24
Roman Parker
17
1515448829000 1515455117836
1515621629000 1515625944278
1515794429000 1515804845867
1516053629000 1516062563195
1516226429000 1516235011456
1516399229000 1516405928144
1516658429000 1516667837800
1516831229000 1516839984355
1517436029000 1517440090070
1517608829000 1517619713073
1517868029000 1517871147093
1518040829000 1518047105919
1518213629000 1518221280332
1518274829000 1518293213233
1518472829000 1518478098118
1518818429000 1518830054377
1518879629000 1518896890330

25
Vincent Mitchell
21
1515448829000 1515460210633
1515621629000 1515635325765
1515794429000 1515808858209
1515855629000 1515889589405
1516053629000 1516067614777
1516226429000 1516238128422
1516399229000 1516419115640
1516658429000 1516669763768
1516831229000 1516848279737
1517004029000 1517021504791
1517065229000 1517100577162
1517263229000 1517274903083
1517436029000 1517452112403
1517608829000 1517628565441
1517670029000 1517706628376
1517868029000 1517882199357
1518040829000 1518052801221
1518213629000 1518231444179
1518274829000 1518310713900
1518472829000 1518483236793
1518879629000 1518911107341

26
Ella Henry
15
1515448829000 1515462958598
1515794429000 1515808777405
1516053629000 1516063593671
1516399229000 1516416211284
1516460429000 1516488616249
1516658429000 1516668912039
1517004029000 1517015368872
1517065229000 1517095294678
1517436029000 1517448965533
1517608829000 1517622240323
1517868029000 1517876179325
1518040829000 1518054947289
1518213629000 1518227039677
1518274829000 1518306101444
1518879629000 1518907059226

27
Levi Stone
17
1515448829000 1515460903804
1515621629000 1515632879892
1515794429000 1515808860199
1515855629000 1515883123701
1516053629000 1516065226308
1516226429000 1516233842729
1516399229000 1516410184018
1516460429000 1516484755335
1517004029000 1517014199074
1517065229000 1517094349195
1517263229000 1517274117132
1517670029000 1517693068228
1518213629000 1518228790751
1518472829000 1518482629272
1518645629000 1518653209909
1518818429000 1518829869817
1518879629000 1518907713089

28
Amelia Gibson
5
1515794429000 1515811470865
1516226429000 1516236768346
1517065229000 1517094604304
1517608829000 1517624707348
1518879629000 1518905215347

29
Eleanor Rogers
9
1515448829000 1515449987783
1516399229000 1516402043689
1516658429000 1516658836217
1516831229000 1516832921105
1517263229000 1517266978872
1517436029000 1517440161640
1518040829000 1518042332776
1518818429000 1518820860830
1518879629000 1518884296558

30
Grayson Black
13
1515794429000 1515803746615
1516226429000 1516233836278
1516399229000 1516402822026
1517065229000 1517075920307
1517263229000 1517269358562
1517436029000 1517444606214
1517868029000 1517872383801
1518040829000 1518043040896
1518213629000 1518220466405
1518274829000 1518290559151
1518645629000 1518653181568
1518818429000 1518825025023
1518879629000 1518895897686

31
William Hicks
1
1517004029000 1517006048380

32
Lucas Hughes
0

33
Peyton Howard
3
1516460429000 1516469810300
1517065229000 1517072120653
1517608829000 1517611370112

34
Jonah Howard
11
1515448829000 1515458431877
1515855629000 1515880726249
1516399229000 1516408343066
1516658429000 1516665718825
1517065229000 1517090631362
1517436029000 1517443297122
1517868029000 1517877623359
1518040829000 1518049386073
1518213629000 1518227221973
1518472829000 1518482918311
1518818429000 1518833138194

35
Isabella Baker
10
1515794429000 1515803083302
1516226429000 1516228764911
1516399229000 1516408672431
1517436029000 1517439493645
1517608829000 1517614742278
1517670029000 1517684090908
1518213629000 1518223190928
1518645629000 1518653565645
1518818429000 1518822362681
1518879629000 1518893772588

36
Mia Richardson
18
1515448829000 1515461715090
1515855629000 1515888630445
1516053629000 1516067293774
1516226429000 1516241579590
1516399229000 1516413721886
1516460429000 1516493315524
1516658429000 1516673082472
1517065229000 1517097107823
1517263229000 1517276953803
1517436029000 1517446024243
1517608829000 1517625447318
1517670029000 1517698682050
1518040829000 1518056428945
1518213629000 1518226013972
1518274829000 1518306790700
1518472829000 1518486652342
1518645629000 1518660863244
1518818429000 1518834333441

37
Julian Martinez
13
1515448829000 1515450500109
1515855629000 1515864066186
1516226429000 1516228669432
1516460429000 1516469904096
1516658429000 1516659212792
1517004029000 1517008556690
1517263229000 1517267522849
1517436029000 1517437330152
1517868029000 1517872649133
1518040829000 1518046634551
1518213629000 1518219080332
1518818429000 1518820442791
1518879629000 1518887352052

38
Jace Gray
17
1515621629000 1515625453333
1515794429000 1515805571129
1515855629000 1515869567827
1516053629000 1516060176950
1516399229000 1516406661828
1516460429000 1516478406854
1516658429000 1516666148854
1516831229000 1516839904376
1517004029000 1517011022144
1517065229000 1517077639986
1517263229000 1517269648626
1517608829000 1517616969076
1517670029000 1517684714357
1518213629000 1518223372457
1518472829000 1518476777662
1518818429000 1518826269977
1518879629000 1518897444979

39
Silas Stewart
18
1515448829000 1515460811080
1515621629000 1515632675962
1515794429000 1515808269896
1515855629000 1515880195114
1516226429000 1516236040950
1516460429000 1516483379487
1516658429000 1516669433856
1516831229000 1516840329484
1517004029000 1517017705211
1517065229000 1517086557793
1517263229000 1517271788390
1517868029000 1517877114948
1518040829000 1518048422653
1518274829000 1518297602368
1518472829000 1518481119374
1518645629000 1518654830643
1518818429000 1518828814713
1518879629000 1518901533575

40
Katherine Robinson
13
1515794429000 1515800308892
1515855629000 1515867007669
1516226429000 1516228876128
1516460429000 1516472575555
1516658429000 1516665368121
1517004029000 1517007681428
1517263229000 1517270016691
1517608829000 1517612328643
1517868029000 1517874342973
1518040829000 1518048327196
1518274829000 1518288949521
1518472829000 1518476021269
1518879629000 1518890848029

41
Kai Hunter
5
1515794429000 1515804684475
1515855629000 1515879424223
1516399229000 1516411624179
1516460429000 1516483576289
1517436029000 1517444408046

42
Ashton Stephens
9
1515448829000 1515463830422
1515855629000 1515889385155
1516053629000 1516067850808
1516399229000 1516412040274
1516460429000 1516494243761
1517065229000 1517095422042
1517608829000 1517625727260
1517670029000 1517701167599
1518472829000 1518483118464

43
Bryson Hicks
6
1516460429000 1516495828941
1516831229000 1516846963874
1517868029000 1517879087556
1518040829000 1518058092341
1518213629000 1518232406700
1518274829000 1518311107902

44
Brooklyn Wright
9
1515621629000 1515636564019
1516399229000 1516415923570
1516831229000 1516842765258
1517065229000 1517096765745
1517263229000 1517277542261
1517608829000 1517627619091
1518274829000 1518304963956
1518472829000 1518488710421
1518879629000 1518914644176

45
Robert Cooper
14
1515621629000 1515629430999
1515794429000 1515802182782
1516226429000 1516231662756
1516658429000 1516660815181
1516831229000 1516833347738
1517004029000 1517013394577
1517263229000 1517271069127
1517670029000 1517684715583
1517868029000 1517869927551
1518213629000 1518223196979
1518274829000 1518286047765
1518472829000 1518477196186
1518818429000 1518822530822
1518879629000 1518893199988

46
Chase Crawford
1
1517670029000 1517682631284

47
Serenity Ward
9
1515448829000 1515450192015
1515794429000 1515797554675
1516226429000 1516229236153
1516399229000 1516404860980
1517004029000 1517009009410
1517608829000 1517611471444
1517670029000 1517677947409
1518274829000 1518276586329
1518472829000 1518473252786

48
Ruby Porter
11
1516226429000 1516227592572
1516399229000 1516402460020
1516460429000 1516470312894
1516658429000 1516664753606
1516831229000 1516836174838
1517004029000 1517006452682
1517868029000 1517871540640
1518040829000 1518041865574
1518213629000 1518218395162
1518645629000 1518650801221
1518818429000 1518821769712

49
Daniel Reyes
13
1516226429000 1516231311957
1516399229000 1516404556171
1516460429000 1516477109763
1517004029000 1517014277093
1517263229000 1517272036579
1517436029000 1517439331687
1517608829000 1517617652710
1517670029000 1517682966929
1518040829000 1518044386963
1518274829000 1518293366145
1518645629000 1518654411986
1518818429000 1518824530216
1518879629000 1518896957426

50
Ruby Wallace
6
1516053629000 1516061494915
1516399229000 1516406161712
1516460429000 1516475974584
1517436029000 1517441902927
1518818429000 1518823618166
1518879629000 1518891566231

51
Teagan Ross
1
1516658429000 1516669720806

52
Brianna Kelly
23
1515448829000 1515453161189
1515621629000 1515627268611
1515794429000 1515802821049
1515855629000 1515877836825
1516053629000 1516064578642
1516226429000 1516231377197
1516399229000 1516407222424
1516460429000 1516483603386
1516658429000 1516667216486
1516831229000 1516838434392
1517004029000 1517017242113
1517065229000 1517083827474
1517263229000 1517268890643
1517436029000 1517440283983
1517608829000 1517619365721
1517670029000 1517687823134
1517868029000 1517879131399
1518040829000 1518050856245
1518213629000 1518222903880
1518274829000 1518293411033
1518645629000 1518654981775
1518818429000 1518831289095
1518879629000 1518897030500

53
Ruby Wells
21
1515621629000 1515634676530
1515794429000 1515810836717
1516053629000 1516064296817
1516226429000 1516236580721
1516399229000 1516411722910
1516460429000 1516486215865
1516658429000 1516672961196
1516831229000 1516841647892
1517004029000 1517020441906
1517065229000 1517092467255
1517263229000 1517271258461
1517608829000 1517621265653
1517670029000 1517698795234
1517868029000 1517877013127
1518040829000 1518052691304
1518213629000 1518228602121
1518274829000 1518305756371
1518472829000 1518483217726
1518645629000 1518656242900
1518818429000 1518834630631
1518879629000 1518909284878

54
Ariana Payne
16
1515794429000 1515803991807
1515855629000 1515875207304
1516053629000 1516062632241
1516226429000 1516235611002
1516399229000 1516409444472
1516460429000 1516477500556
1516658429000 1516665378292
1516831229000 1516836939049
1517004029000 1517012483576
1517065229000 1517082040518
1517263229000 1517270760601
1517436029000 1517447132488
1517608829000 1517619896120
1518040829000 1518050177577
1518472829000 1518480782844
1518818429000 1518825477988

55
Eleanor Collins
14
1515621629000 1515633816217
1516053629000 1516067175901
1516226429000 1516233855172
1516658429000 1516668100503
1516831229000 1516841303247
1517065229000 1517094988095
1517263229000 1517276172287
1517436029000 1517448720783
1517670029000 1517696462604
1517868029000 1517878682434
1518040829000 1518052111731
1518274829000 1518303319857
1518472829000 1518481225381
1518818429000 1518833794362

56
Aaliyah Flores
7
1515855629000 1515886472205
1516053629000 1516068957278
1516226429000 1516239819499
1516399229000 1516412545319
1517436029000 1517449278605
1517868029000 1517877365567
1518040829000 1518053345689

57
Kayden Wells
19
1515448829000 1515451790807
1515621629000 1515624991426
1515794429000 1515796685986
1516053629000 1516055855135
1516226429000 1516228698294
1516399229000 1516402875443
1516658429000 1516665672194
1516831229000 1516838596345
1517065229000 1517078519160
1517608829000 1517612282890
1517670029000 1517678204247
1517868029000 1517871655968
1518040829000 1518045112780
1518213629000 1518216733392
1518274829000 1518286559602
1518472829000 1518477187657
1518645629000 1518652169217
1518818429000 1518826039380
1518879629000 1518892713551

58
Easton Ward
19
1515448829000 1515453458116
1515621629000 1515626783374
1515794429000 1515799704278
1516053629000 1516055856259
1516226429000 1516229143318
1516399229000 1516401956422
1516460429000 1516470863673
1516658429000 1516665488907
1516831229000 1516835012337
1517065229000 1517077357213
1517608829000 1517616495025
1517868029000 1517868688421
1518040829000 1518043669377
1518213629000 1518219682488
1518274829000 1518282500086
1518472829000 1518478816452
1518645629000 1518652472271
1518818429000 1518826129693
1518879629000 1518889971204

59
Brody Tucker
1
1516658429000 1516667665561

60
Naomi Grant
5
1516399229000 1516403832595
1517670029000 1517676352221
1518040829000 1518041821370
1518274829000 1518277848767
1518818429000 1518818645105

61
Maxwell Foster
17
1515448829000 1515459416019
1515621629000 1515629258535
1515855629000 1515871405827
1516053629000 1516062069138
1516226429000 1516236539672
1516460429000 1516479803967
1516658429000 1516664996492
1516831229000 1516841549643
1517065229000 1517087194456
1517263229000 1517272531414
1517436029000 1517441426013
1517608829000 1517618171737
1517670029000 1517687244395
1517868029000 1517879077733
1518213629000 1518219808862
1518274829000 1518296336852
1518879629000 1518900177577

62
Sarah Price
18
1515621629000 1515637253571
1515794429000 1515811897714
1516053629000 1516069418252
1516226429000 1516238825470
1516399229000 1516411654391
1516460429000 1516489467506
1516831229000 1516842297627
1517065229000 1517094127744
1517263229000 1517278151948
1517436029000 1517451377376
1517608829000 1517625995015
1517670029000 1517702571026
1517868029000 1517878864222
1518040829000 1518051750064
1518213629000 1518229621044
1518274829000 1518308525212
1518472829000 1518482719072
1518645629000 1518658659288

63
Reagan Spencer
24
1515448829000 1515455897398
1515621629000 1515627268393
1515794429000 1515801710121
1515855629000 1515877275442
1516053629000 1516064277460
1516226429000 1516233845767
1516399229000 1516408255914
1516460429000 1516479403171
1516658429000 1516663827966
1516831229000 1516841852216
1517004029000 1517011364114
1517065229000 1517085905157
1517263229000 1517273032972
1517436029000 1517441352224
1517608829000 1517621367980
1517670029000 1517689499435
1517868029000 1517874000540
1518040829000 1518046491851
1518213629000 1518221592100
1518274829000 1518297395803
1518472829000 1518477856261
1518645629000 1518654235245
1518818429000 1518826004344
1518879629000 1518901361643

64
Jaxson Roberts
11
1515621629000 1515628094756
1515855629000 1515861992044
1516053629000 1516061046665
1516226429000 1516232260112
1516658429000 1516660108422
1517670029000 1517678534016
1518213629000 1518221693934
1518274829000 1518282171186
1518472829000 1518476245569
1518645629000 1518647962117
1518818429000 1518825278875

65
Gabriella Long
23
1515448829000 1515462570566
1515621629000 1515634021138
1515794429000 1515808676849
1515855629000 1515882796451
1516053629000 1516062473228
1516226429000 1516237525031
1516399229000 1516412796736
1516460429000 1516486286206
1516658429000 1516671633251
1516831229000 1516839622725
1517004029000 1517015174163
1517065229000 1517093147866
1517263229000 1517275499054
1517436029000 1517443655028
1517608829000 1517624307781
1517670029000 1517698835745
1517868029000 1517877801824
1518040829000 1518051301017
1518213629000 1518226376798
1518274829000 1518300986848
1518472829000 1518480506492
1518645629000 1518657994703
1518818429000 1518833083999

66
Aubrey Turner
19
1515448829000 1515449324406
1515621629000 1515625467184
1515855629000 1515863152070
1516399229000 1516400231602
1516658429000 1516660703017
1516831229000 1516835527373
1517004029000 1517004688617
1517065229000 1517073382562
1517263229000 1517268178768
1517436029000 1517439681961
1517608829000 1517611670661
1517670029000 1517675084402
1517868029000 1517871974369
1518040829000 1518041356176
1518213629000 1518216340088
1518472829000 1518473485370
1518645629000 1518648466760
1518818429000 1518819862042
1518879629000 1518887878072

67
Alexandra Wood
11
1515621629000 1515623413251
1515855629000 1515866365491
1516460429000 1516474070770
1516658429000 1516666989681
1517436029000 1517444661335
1517670029000 1517684661649
1517868029000 1517876607130
1518040829000 1518045122612
1518213629000 1518218185294
1518472829000 1518477177070
1518818429000 1518823543047

68
Matthew Cole
11
1515794429000 1515795202992
1515855629000 1515856858631
1516053629000 1516057149385
1516831229000 1516832504318
1517004029000 1517004473228
1517065229000 1517067378164
1517608829000 1517612816662
1518040829000 1518040903313
1518213629000 1518216620838
1518645629000 1518648819046
1518818429000 1518819336769

69
Lillian West
16
1515448829000 1515455958244
1515855629000 1515878671337
1516226429000 1516237735169
1516399229000 1516414807145
1516658429000 1516667339061
1516831229000 1516841956805
1517004029000 1517019633821
1517065229000 1517089609478
1517263229000 1517274880170
1517436029000 1517447462812
1517608829000 1517624579062
1517670029000 1517692541608
1518213629000 1518227723292
1518472829000 1518480023941
1518645629000 1518657388248
1518879629000 1518907281333

70
Joshua Hamilton
13
1515448829000 1515457777538
1515621629000 1515627503229
1515794429000 1515804523206
1515855629000 1515873878928
1516226429000 1516236529867
1516658429000 1516666817199
1517065229000 1517085816773
1517263229000 1517269652768
1517436029000 1517444476890
1517670029000 1517689797990
1518040829000 1518046744023
1518274829000 1518297500570
1518818429000 1518829304034

71
Elizabeth Brooks
6
1515855629000 1515860125799
1516053629000 1516058134535
1517608829000 1517615723818
1517670029000 1517675416283
1518213629000 1518214088021
1518274829000 1518285739429

72
Zachary Torres
6
1515621629000 1515630933847
1516053629000 1516066243737
1516460429000 1516486440833
1518213629000 1518225365463
1518472829000 1518484991992
1518818429000 1518827173620

73
Vincent Gardner
19
1515448829000 1515456191194
1515621629000 1515633577934
1515855629000 1515883177640
1516053629000 1516062545291
1516226429000 1516237653383
1516399229000 1516411517379
1516460429000 1516489101150
1516831229000 1516840846247
1517004029000 1517020997500
1517065229000 1517094272033
1517263229000 1517274309817
1517436029000 1517444836741
1517608829000 1517625407326
1517868029000 1517880951982
1518040829000 1518054494845
1518213629000 1518225099719
1518274829000 1518302598822
1518645629000 1518655821693
1518879629000 1518906203095

74
Adalyn Mitchell
23
1515448829000 1515462565296
1515621629000 1515635920053
1515794429000 1515807210126
1515855629000 1515890772874
1516053629000 1516066885137
1516226429000 1516238574879
1516399229000 1516415130390
1516460429000 1516495358255
1516658429000 1516674347031
1516831229000 1516842860955
1517004029000 1517021078148
1517065229000 1517099577080
1517263229000 1517274871302
1517436029000 1517450959193
1517608829000 1517622507824
1517868029000 1517879637891
1518040829000 1518050407839
1518213629000 1518231484932
1518274829000 1518303626885
1518472829000 1518488529345
1518645629000 1518656456765
1518818429000 1518836133081
1518879629000 1518913626721

75
Max Lopez
24
1515448829000 1515454990328
1515621629000 1515623602120
1515794429000 1515800567848
1515855629000 1515866055496
1516053629000 1516061945295
1516226429000 1516231472702
1516399229000 1516406935402
1516460429000 1516472588241
1516658429000 1516661687896
1516831229000 1516835670320
1517004029000 1517013004013
1517065229000 1517078412392
1517263229000 1517271865689
1517436029000 1517442352809
1517608829000 1517618637225
1517670029000 1517684766757
1517868029000 1517870468442
1518040829000 1518048429732
1518213629000 1518217602155
1518274829000 1518287461114
1518472829000 1518478348612
1518645629000 1518651894143
1518818429000 1518826928318
1518879629000 1518890724307

76
Eleanor Robertson
15
1515448829000 1515454430932
1515621629000 1515621815423
1515794429000 1515795922208
1516053629000 1516059010990
1516399229000 1516402448781
1516460429000 1516465663491
1516658429000 1516659469208
1516831229000 1516832476847
1517065229000 1517076258121
1517608829000 1517614744758
1517868029000 1517868701583
1518040829000 1518041639451
1518213629000 1518216758605
1518472829000 1518474150287
1518879629000 1518886404119

77
Katherine Hayes
20
1515448829000 1515456529364
1515794429000 1515808111395
1515855629000 1515880941445
1516226429000 1516239816560
1516399229000 1516411582312
1516658429000 1516672127580
1516831229000 1516838409240
1517004029000 1517018235157
1517065229000 1517092764037
1517263229000 1517272874277
1517436029000 1517447065489
1517608829000 1517623209336
1517670029000 1517699684614
1517868029000 1517875003268
1518040829000 1518053011447
1518213629000 1518229239932
1518274829000 1518298549132
1518472829000 1518480702225
1518645629000 1518656258794
1518879629000 1518908661538

78
Evan Gibson
11
1515448829000 1515460470637
1515621629000 1515631988076
1515855629000 1515885880492
1516658429000 1516674070530
1516831229000 1516844214689
1517004029000 1517016445724
1517065229000 1517098675517
1517436029000 1517448049312
1517868029000 1517882081616
1518213629000 1518226217458
1518472829000 1518486849940

79
Easton Allen
17
1515794429000 1515810690798
1515855629000 1515888355744
1516053629000 1516067996440
1516226429000 1516240312435
1516399229000 1516412982904
1516460429000 1516491747447
1516658429000 1516668585069
1516831229000 1516842466193
1517004029000 1517020217352
1517065229000 1517100745673
1517608829000 1517625566166
1518040829000 1518052331591
1518213629000 1518232951615
1518274829000 1518310072019
1518472829000 1518488296227
1518818429000 1518831936740
1518879629000 1518910217493

80
Ayden Walker
23
1515448829000 1515451358199
1515794429000 1515801216087
1515855629000 1515863633653
1516053629000 1516058522793
1516226429000 1516227485299
1516399229000 1516400002582
1516460429000 1516468955440
1516658429000 1516661311035
1516831229000 1516836621623
1517004029000 1517011127363
1517065229000 1517072562454
1517263229000 1517265377047
1517436029000 1517437539241
1517608829000 1517614261487
1517670029000 1517679492309
1517868029000 1517871753784
1518040829000 1518043674258
1518213629000 1518215751568
1518274829000 1518284654953
1518472829000 1518477352148
1518645629000 1518647481732
1518818429000 1518821702363
1518879629000 1518886595519

81
Liam Stephens
16
1515448829000 1515456185458
1515621629000 1515624909504
1515794429000 1515798087737
1515855629000 1515866760960
1516053629000 1516054039110
1516399229000 1516400884623
1516658429000 1516660860726
1516831229000 1516837665293
1517436029000 1517441978606
1517670029000 1517682614347
1517868029000 1517873669896
1518213629000 1518215434294
1518274829000 1518281032975
1518472829000 1518479891758
1518818429000 1518822246972
1518879629000 1518886288003

82
Claire Freeman
13
1516053629000 1516069974837
1516460429000 1516495621977
1516658429000 1516673778114
1516831229000 1516847987596
1517065229000 1517101929196
1517263229000 1517279438530
1517670029000 1517701850611
1517868029000 1517884502479
1518213629000 1518233473940
1518274829000 1518311397328
1518472829000 1518489706298
1518645629000 1518661906335
1518879629000 1518917565097

83
Jackson Hill
7
1517065229000 1517073176825
1517436029000 1517436090635
1517608829000 1517610848588
1518040829000 1518042598193
1518274829000 1518286162419
1518472829000 1518477353309
1518645629000 1518650478740

84
Sophia Garcia
24
1515448829000 1515457639162
1515621629000 1515628239294
1515794429000 1515801988347
1515855629000 1515871586990
1516053629000 1516061836599
1516226429000 1516233540290
1516399229000 1516407347302
1516460429000 1516477938529
1516658429000 1516666958281
1516831229000 1516841443708
1517004029000 1517011824283
1517065229000 1517082400113
1517263229000 1517267642824
1517436029000 1517445259864
1517608829000 1517617110383
1517670029000 1517689672229
1517868029000 1517878879229
1518040829000 1518050691789
1518213629000 1518225780539
1518274829000 1518294148474
1518472829000 1518483859386
1518645629000 1518651935078
1518818429000 1518829108549
1518879629000 1518898217483

85
Jackson Sanders
3
1516053629000 1516055602081
1516399229000 1516400942562
1518645629000 1518650362830

86
Easton Crawford
9
1515621629000 1515627669249
1515794429000 1515798324510
1516226429000 1516229509374
1516658429000 1516664190316
1516831229000 1516838675540
1517263229000 1517266816448
1518274829000 1518284673198
1518818429000 1518821824386
1518879629000 1518890597667

87
Valentina Perry
4
1515794429000 1515811432635
1516831229000 1516845012998
1518472829000 1518481176232
1518645629000 1518656066455

88
Gianna Anderson
1
1517608829000 1517610022734

89
Jason Kelly
12
1515855629000 1515862044059
1516053629000 1516060011600
1516226429000 1516228596501
1516399229000 1516400969522
1516658429000 1516663267212
1517065229000 1517072309899
1517436029000 1517439800151
1517608829000 1517612200285
1517868029000 1517871852565
1518040829000 1518042146514
1518274829000 1518286849340
1518879629000 1518886657731

90
Everly Wilson
4
1516053629000 1516060315618
1517004029000 1517005324482
1517868029000 1517868053902
1518274829000 1518281725255

91
London Daniels
17
1515621629000 1515635844806
1515794429000 1515810127256
1515855629000 1515884619016
1516053629000 1516066251516
1516226429000 1516240117036
1516460429000 1516488184490
1516658429000 1516671053139
1516831229000 1516841470519
1517004029000 1517018426876
1517436029000 1517449775648
1517608829000 1517625354439
1517670029000 1517696823117
1517868029000 1517877281380
1518040829000 1518050853145
1518213629000 1518230345501
1518274829000 1518303995938
1518645629000 1518658229301

92
Ethan Sanders
20
1515448829000 1515451346443
1515621629000 1515623481963
1515855629000 1515868348642
1516053629000 1516059256887
1516226429000 1516231965269
1516399229000 1516402320573
1516460429000 1516467718109
1516658429000 1516661896861
1516831229000 1516838153820
1517065229000 1517078486831
1517263229000 1517270372891
1517436029000 1517443155057
1517608829000 1517611426715
1517670029000 1517681004141
1517868029000 1517869391921
1518040829000 1518043145718
1518213629000 1518215750267
1518274829000 1518285056829
1518472829000 1518474289719
1518645629000 1518646279582

93
Josephine Nichols
9
1515794429000 1515810958954
1516053629000 1516064806302
1517263229000 1517277162072
1517436029000 1517449603173
1517670029000 1517698740902
1517868029000 1517881625413
1518645629000 1518658189184
1518818429000 1518834616470
1518879629000 1518911040082

94
Damian Fisher
24
1515448829000 1515452721048
1515621629000 1515626820124
1515794429000 1515800685177
1515855629000 1515871520548
1516053629000 1516057252691
1516226429000 1516233172389
1516399229000 1516407423652
1516460429000 1516477829685
1516658429000 1516665559293
1516831229000 1516841253269
1517004029000 1517010872964
1517065229000 1517080585324
1517263229000 1517268265207
1517436029000 1517444066500
1517608829000 1517618240438
1517670029000 1517685349014
1517868029000 1517873489437
1518040829000 1518045381131
1518213629000 1518224688374
1518274829000 1518294209961
1518472829000 1518477430279
1518645629000 1518651207158
1518818429000 1518825233642
1518879629000 1518897079019

95
Bryson Ward
3
1515794429000 1515797857302
1516226429000 1516229160919
1517608829000 1517613815076
